콜매수호가
0.12
0.14
0.18
0.22
0.27
0.36
0.42
0.53
0.66
0.82
1.02
1.27
1.57
1.93
2.35
2.85
3.44
4.12
4.92
5.82
6.84
7.97
9.2
콜매도호가
0.13
0.16
0.19
0.23
0.29
0.36
0.44
0.54
0.67
0.84
1.04
1.29
1.59
1.95
2.38
2.89
3.5
4.19
4.98
5.9
6.91
8.06
9.31
풋매도호가
10.85
9.52
8.53
7.62
6.82
6.1
5.47
4.92
4.41
3.96
3.57
3.22
2.91
2.64
2.4
2.18
1.99
1.81
1.66
1.51
1.38
1.27
1.16
1.07
0.98
0.9
0.83
0.77
0.71
0.66
0.61
0.56
0.52
0.48
0.45
0.41
0.38
0.35
0.33
0.3
0.28
0.26
0.24
풋매수호가
0.31
9.43
8.43
7.53
6.74
6.04
5.41
4.85
4.36
3.92
3.54
3.19
2.89
2.62
2.38
2.16
1.97
1.79
1.64
1.5
1.36
1.25
1.15
1.05
0.96
0.89
0.82
0.75
0.69
0.64
0.59
0.54
0.5
0.47
0.43
0.4
0.37
0.34
0.31
0.29
0.26
0.24
0.22
