콜 매수호가
0.01
0.01
0.01
0.02
0.03
0.04
0.06
0.08
0.11
0.15
0.2
0.27
0.36
0.49
0.66
0.89
1.19
1.58
2.08
2.7
3.46
4.37
5.43
콜매도호가
0.02
0.02
0.03
0.03
0.04
0.05
0.07
0.09
0.12
0.16
0.21
0.28
0.37
0.5
0.68
0.9
1.2
1.59
2.09
2.71
3.47
4.38
5.45
풋매도호가
7.45
6.35
5.43
4.64
3.97
2.54
2.2
1.91
1.66
1.46
1.28
1.13
0.99
0.88
0.78
0.69
0.61
0.54
0.48
0.43
0.38
0.34
0.3
0.26
0.23
0.2
0.18
0.16
0.14
0.12
0.11
0.1
0.08
0.07
0.07
0.06
0.05
0.05
0.04
0.04
0.03
0.03
0.03
0.02
0.02
0.02
0.02
0.02
0.01
0.01
0.01
0.01
0.01
0.01
0.01
0.01
0.01
0.01
풋매수호가
7.42
6.33
5.41
4.62
3.96
3.4
2.92
2.52
2.18
1.89
1.65
1.44
1.27
1.11
0.98
0.87
0.77
0.68
0.6
0.53
0.47
0.42
0.37
0.32
0.29
0.25
0.22
0.19
0.17
0.15
0.13
0.11
0.1
0.08
0.07
0.06
0.05
0.05
0.04
0.03
0.03
0.02
0.02
0.02
0.02
0.01
0.01
0.01
0.01
0.01
나머지 0
